7  8  9 
FD  1 FF    1111 1101 0000 0001 1111 1111      =>     0010 0000 0000
FD FF  1    1111 1101 1111 1111 0000 0001      =>     0001 1111 1111
FF  1  1    1111 1111 0000 0001 0000 0001      =>     0010 1000 0000
FD FF FF    1111 1101 1111 1111 1111 1111      =>     0010 0111 1111
F9 41 FF    1111 1001 0100 0001 1111 1111      =>     0000 0010 0000





7  8  9 
FD  1 FF    1111 1101 0000 0001 1111 1111      =>     0010 0000 0000
FD FF  1    1111 1101 1111 1111 0000 0001      =>     0001 1111 1111
FF  1  1    1111 1111 0000 0001 0000 0001      =>     0010 1000 0000
FD FF FF    1111 1101 1111 1111 1111 1111      =>     0010 0111 1111
F9 41 FF    1111 1001 0100 0001 1111 1111      =>     0000 0010 0000
